latitude,longitude
58.920024500,5.867858800
58.920015800,5.868228700
58.919972200,5.868620800
58.919845500,5.869147500
58.919730500,5.869440200
58.919600000,5.869678500
58.919394500,5.869887000
58.919237800,5.869968300
58.919203300,5.869989800
58.919168500,5.870017200
58.919167700,5.870017800
58.919167300,5.870017800
58.919166700,5.870018200
58.919166700,5.870017700
58.919165200,5.870018800
58.919147000,5.870038000
58.919126500,5.870062300
58.919059700,5.870137500
58.918986000,5.870209500
58.918948000,5.870241000
58.918841200,5.870324000
58.918777700,5.870375000
58.918657500,5.870493300
58.918539700,5.870645200
58.918475500,5.870740800
58.918349700,5.870990300
58.918291700,5.871119700
58.918195200,5.871401300
58.918156300,5.871540700
58.918097700,5.871795000
58.918043800,5.871993500
58.918010700,5.872056700
58.917938500,5.872104000
58.917938500,5.872104000
58.917909300,5.872116500
58.917868300,5.872171800
58.917864500,5.872307800
58.917914500,5.872378000
58.917945700,5.872381800
58.918000500,5.872316700
58.918026300,5.872193300
58.918034800,5.872123000
58.918056700,5.871974300
58.918073200,5.871885500
58.918114800,5.871678800
58.918144500,5.871552300
58.918226500,5.871266800
58.918337000,5.870978000
58.918409800,5.870831800
58.918591500,5.870552300
58.918695000,5.870434200
58.918913300,5.870253700
58.919130300,5.870110300
58.919234200,5.870040800
58.919423200,5.869890500
58.919504300,5.869809000
58.919640000,5.869649300
58.919693500,5.869576000
58.919770000,5.869450200
58.919815300,5.869342700
58.919832700,5.869300500
58.919847300,5.869259500
58.919846700,5.869257300
58.919846000,5.869257300
58.919844700,5.869256800
58.919843000,5.869256300
58.919843000,5.869256300
58.919842000,5.869255800
58.919840800,5.869250700
58.919851500,5.869205500
58.919862200,5.869157300
58.919890000,5.869018800
58.919905500,5.868943800
58.919945700,5.868754500
58.919968300,5.868636000
58.920003700,5.868383800
58.920022500,5.868077700
58.920023500,5.867898700
58.920008000,5.867517800
58.919996000,5.867316200
58.919971200,5.866894800
58.919959800,5.866681700
58.919945800,5.866245300
58.919965800,5.865793000
58.919992000,5.865564700
58.920062700,5.865103500
58.920143000,5.864627700
58.920180500,5.864386300
58.920214200,5.864144500
58.920271300,5.863660500
58.920316500,5.863179700
58.920338300,5.862943300
58.920382300,5.862484700
58.920402300,5.862264800
58.920420700,5.862059500
58.920464800,5.861551800
58.920479800,5.861425500
58.920523300,5.861242800
58.920545300,5.861187700
58.920567800,5.861107200
58.920570700,5.861064300
58.920573000,5.861022700
58.920583700,5.860923700
58.920585000,5.860915300
58.920585000,5.860915500
58.920586000,5.860916200
58.920587000,5.860916000
58.920588200,5.860915500
58.920588300,5.860915500
58.920588200,5.860910200
58.920588700,5.860909300
58.920590000,5.860908700
58.920590200,5.860907700
58.920589000,5.860906800
58.920589700,5.860908000
58.920590700,5.860909200
58.920591000,5.860908800
58.920589500,5.860908000
58.920589200,5.860908300
58.920587200,5.860920800
58.920587200,5.860926300
58.920585500,5.860922700
58.920587200,5.860922700
58.920587500,5.860921300
58.920588200,5.860913800
58.920588700,5.860913500
58.920589800,5.860912700
58.920590300,5.860908700
58.920591300,5.860910500
58.920592000,5.860911700
58.920591800,5.860906700
58.920593300,5.860817000
58.920593300,5.860817000
58.920599700,5.860641800
58.920597300,5.860558300
58.920577800,5.860378800
58.920565800,5.860283000
58.920559700,5.860175500
58.920550500,5.859905200
58.920518300,5.859578700
58.920492300,5.859410700
58.920455700,5.859241800
58.920357300,5.858897700
58.920225700,5.858578800
58.920081200,5.858291500
58.919942700,5.858011800
58.919942700,5.858011800
58.919782200,5.857564300
58.919739300,5.857413200
58.919739300,5.857413200
58.919650000,5.856795800
58.919643200,5.856646200
58.919632300,5.856334700
58.919627700,5.856161800
58.919622500,5.855981000
58.919611300,5.855614300
58.919600000,5.855235800
58.919593500,5.855046000
58.919582700,5.854676500
58.919578800,5.854496300
58.919574500,5.854154000
58.919563800,5.853833800
58.919558500,5.853684500
58.919546500,5.853413000
58.919540000,5.853283300
58.919533500,5.853039800
58.919534200,5.852929700
58.919541500,5.852750200
58.919545000,5.852688200
58.919548300,5.852614700
58.919539500,5.852541500
58.919492800,5.852476000
58.919453800,5.852463000
58.919363300,5.852461200
58.919320500,5.852466300
58.919276500,5.852468800
58.919225800,5.852467200
58.919031000,5.852462700
58.918898000,5.852462700
58.918825500,5.852458200
58.918659000,5.852452300
58.918565500,5.852449700
58.918361500,5.852446200
58.918165200,5.852440800
58.918074800,5.852438800
58.917912500,5.852422300
58.917912500,5.852422300
58.917726200,5.852378200
58.917643700,5.852371700
58.917621500,5.852380700
58.917609500,5.852379200
58.917609000,5.852378000
58.917608300,5.852377800
58.917608000,5.852378800
58.917607300,5.852380000
58.917607500,5.852379500
58.917607300,5.852378700
58.917607200,5.852379000
58.917602500,5.852380000
58.917575200,5.852385700
58.917519800,5.852406000
58.917519800,5.852406000
58.917519800,5.852406000
58.917421200,5.852426200
58.917303500,5.852423300
58.917212200,5.852418500
58.917153300,5.852417200
58.917094500,5.852415300
58.916984200,5.852409500
58.916851200,5.852403700
58.916781000,5.852398700
58.916640200,5.852388000
58.916474300,5.852378800
58.916390000,5.852374500
58.916303200,5.852369000
58.916119700,5.852353200
58.915927700,5.852332300
58.915927700,5.852332300
58.915712500,5.852307700
58.915483800,5.852276200
58.915363300,5.852257700
58.915106800,5.852217700
58.914828000,5.852176800
58.914523000,5.852129800
58.914362800,5.852103200
58.914033000,5.852049300
58.913695800,5.851991800
58.913695800,5.851991800
58.913353800,5.851938200
58.913008800,5.851881500
58.912665200,5.851825300
58.912665200,5.851825300
58.912155200,5.851749500
58.911631800,5.851667500
58.911453200,5.851636200
58.911453200,5.851636200
58.911453200,5.851636200
58.911274200,5.851606300
58.911274200,5.851606300
58.910194500,5.851429500
58.909633300,5.851340200
58.909633300,5.851340200
58.909073000,5.851248800
58.908885300,5.851220200
58.908696700,5.851191000
58.908507800,5.851160700
58.908130500,5.851101300
58.907754200,5.851041800
58.907379200,5.850984700
58.907006500,5.850926500
58.906820800,5.850893700
58.906449200,5.850829300
58.906262700,5.850801000
58.906076300,5.850772000
58.905517500,5.850680700
58.905329800,5.850649800
58.905141500,5.850622000
58.904763000,5.850565000
58.904385700,5.850504500
58.904016700,5.850440800
58.903836000,5.850410000
58.903471700,5.850350700
58.903471700,5.850350700
58.902906700,5.850256800
58.902906700,5.850256800
58.902318700,5.850160800
58.901921500,5.850101800
58.901722800,5.850068500
58.901325200,5.850008800
58.901127000,5.849978000
58.900736800,5.849909000
58.900548300,5.849876500
58.900184200,5.849795300
58.900184200,5.849795300
58.899671200,5.849536700
58.899671200,5.849536700
58.899218700,5.849042500
58.898951200,5.848615700
58.898830800,5.848375200
58.898616000,5.847855300
58.898421000,5.847316300
58.898327300,5.847048000
58.898144300,5.846523300
58.898054700,5.846265000
58.897879200,5.845758000
58.897879200,5.845758000
58.897612800,5.845044800
58.897512800,5.844838000
58.897287300,5.844498700
58.897032700,5.844263200
58.896899000,5.844186300
58.896627500,5.844120500
58.896492800,5.844126300
58.896229200,5.844184300
58.895969700,5.844238800
58.895838700,5.844253200
58.895570500,5.844253300
58.895434700,5.844240200
58.895161500,5.844199500
58.894889500,5.844143200
58.894754000,5.844104200
58.894483300,5.843990300
58.894346800,5.843925300
58.894208800,5.843865500
58.893925800,5.843781800
58.893635700,5.843755000
58.893346700,5.843771500
58.893204200,5.843788200
58.892925300,5.843837200
58.892789300,5.843880200
58.892523300,5.844021300
58.892262800,5.844229500
58.892132000,5.844343500
58.891868800,5.844578200
58.891736700,5.844696000
58.891471500,5.844927800
58.891338700,5.845044500
58.891074700,5.845278500
58.890814200,5.845505500
58.890682700,5.845607300
58.890411000,5.845764000
58.890270200,5.845814500
58.889979500,5.845848700
58.889833300,5.845831200
58.889546300,5.845725500
58.889406500,5.845633800
58.889135800,5.845381800
58.888874800,5.845066000
58.888748500,5.844887000
58.888500800,5.844499200
58.888258200,5.844077000
58.888136700,5.843858200
58.888014200,5.843636300
58.887765500,5.843185200
58.887510800,5.842724500
58.887380500,5.842491700
58.887112300,5.842024800
58.886829800,5.841567000
58.886681700,5.841345800
58.886371500,5.840917800
58.886210500,5.840709800
58.886046000,5.840504700
58.885709800,5.840100300
58.885368000,5.839698000
58.885025700,5.839294300
58.884853800,5.839094200
58.884508800,5.838695000
58.884335300,5.838495000
58.883985300,5.838089700
58.883810700,5.837884200
58.883469300,5.837476300
58.883156800,5.837082200
58.883015200,5.836886200
58.882882800,5.836690500
58.882642200,5.836297800
58.882533800,5.836110300
58.882433000,5.835937200
58.882182700,5.835497000
58.882117000,5.835369200
58.882014800,5.835162700
58.881978300,5.835078000
58.881916800,5.834948500
58.881879800,5.834886500
58.881874700,5.834877800
58.881873000,5.834873000
58.881871800,5.834870000
58.881870000,5.834866700
58.881868800,5.834865200
58.881866500,5.834862800
58.881859300,5.834848500
58.881818000,5.834798200
58.881751200,5.834712200
58.881717200,5.834663700
58.881641200,5.834518300
58.881591500,5.834429700
58.881494200,5.834246300
58.881439800,5.834141000
58.881303500,5.833896500
58.881147000,5.833615700
58.881066700,5.833474200
58.880897800,5.833176800
58.880807800,5.833017500
58.880616300,5.832677200
58.880515200,5.832496500
58.880302700,5.832116300
58.880086700,5.831729300
58.879976800,5.831533800
58.879748500,5.831131500
58.879630700,5.830923700
58.879390500,5.830500200
58.879148500,5.830072800
58.879028200,5.829855500
58.878788300,5.829404200
58.878665700,5.829171000
58.878415300,5.828686700
58.878162300,5.828192300
58.878034500,5.827943000
58.877777000,5.827438500
58.877648700,5.827183000
58.877389000,5.826671700
58.877257800,5.826414300
58.876999500,5.825886800
58.876865700,5.825626000
58.876596500,5.825104300
58.876461000,5.824845200
58.876194500,5.824327200
58.876194500,5.824327200
58.875807200,5.823557200
58.875553300,5.823052200
58.875166800,5.822292500
58.875034700,5.822036800
58.874767300,5.821515500
58.874767300,5.821515500
58.874502200,5.820966800
58.874131800,5.820063800
58.874015300,5.819744000
58.873787000,5.819089700
58.873675300,5.818763500
58.873456500,5.818130500
58.873246300,5.817537200
58.873147700,5.817254300
58.873057700,5.816976300
58.872909700,5.816426300
58.872803500,5.815871800
58.872766800,5.815591500
58.872724200,5.815035800
58.872713300,5.814761200
58.872701800,5.814201300
58.872691800,5.813627700
58.872684800,5.813337800
58.872671500,5.812754700
58.872671500,5.812754700
58.872623500,5.811878300
58.872591000,5.811590300
58.872481700,5.811035300
58.872324700,5.810510200
58.872234800,5.810260300
58.872050500,5.809769800
58.871961200,5.809524700
58.871787200,5.809034200
58.871787200,5.809034200
58.871534700,5.808315800
58.871341800,5.807895200
58.871233200,5.807711000
58.870995200,5.807387000
58.870868200,5.807242700
58.870610300,5.806961800
58.870482500,5.806817700
58.870233300,5.806505800
58.870000000,5.806148200
58.869890000,5.805953000
58.869784500,5.805749300
58.869584300,5.805325500
58.869395700,5.804885300
58.869302700,5.804664200
58.869114200,5.804227500
58.868915700,5.803811500
58.868812300,5.803612500
58.868706700,5.803419300
58.868489000,5.803053300
58.868263300,5.802711000
58.868030200,5.802391500
58.867912800,5.802238500
58.867675500,5.801952500
58.867556300,5.801819700
58.867320200,5.801578300
58.867094700,5.801367000
58.866987000,5.801266000
58.866776200,5.801069000
58.866567000,5.800874800
58.866463500,5.800777800
58.866258000,5.800577700
58.866160500,5.800476800
58.866066700,5.800375500
58.865975500,5.800273000
58.865714000,5.799948700
58.865543000,5.799721500
58.865460700,5.799602800
58.865300200,5.799358800
58.865147500,5.799107500
58.864999700,5.798851200
58.864927000,5.798721200
58.864787700,5.798466800
58.864664000,5.798243500
58.864664000,5.798243500
58.864527500,5.797976500
58.864494300,5.797894000
58.864432500,5.797744800
58.864375500,5.797633500
58.864353000,5.797597700
58.864335000,5.797572500
58.864335200,5.797573700
58.864334500,5.797576200
58.864334000,5.797577500
58.864333200,5.797579500
58.864332000,5.797581200
58.864331200,5.797581800
58.864329700,5.797583300
58.864328700,5.797583200
58.864313800,5.797565500
58.864266800,5.797509000
58.864233800,5.797471000
58.864160500,5.797380200
58.864065500,5.797235000
58.864014000,5.797154300
58.863903000,5.796990000
58.863838000,5.796898500
58.863690800,5.796695700
58.863538700,5.796489500
58.863463200,5.796386200
58.863313000,5.796171500
58.863238300,5.796058000
58.863086800,5.795825800
58.863008800,5.795710200
58.862850200,5.795479200
58.862688300,5.795249500
58.862606700,5.795135200
58.862440800,5.794910500
58.862273700,5.794690000
58.862190000,5.794582500
58.862025700,5.794368300
58.861865300,5.794148500
58.861786700,5.794036500
58.861627800,5.793814700
58.861547700,5.793705000
58.861389500,5.793482000
58.861311000,5.793371200
58.861154500,5.793147300
58.860991500,5.792914200
58.860905000,5.792793200
58.860720500,5.792547700
58.860621800,5.792426200
58.860412500,5.792196500
58.860304000,5.792094200
58.860079800,5.791920500
58.859962800,5.791849700
58.859728800,5.791728000
58.859488300,5.791615500
58.859363200,5.791557500
58.859105500,5.791434800
58.858974000,5.791372000
58.858705300,5.791240000
58.858567500,5.791169700
58.858296000,5.791010500
58.858035300,5.790819200
58.857910700,5.790706200
58.857672800,5.790445000
58.857560000,5.790295800
58.857346200,5.789968700
58.857146000,5.789608500
58.857049700,5.789418800
58.856862800,5.789020000
58.856774700,5.788808200
58.856607700,5.788364300
58.856447700,5.787907200
58.856367800,5.787673500
58.856208700,5.787198200
58.856128500,5.786957000
58.855965200,5.786469300
58.855881300,5.786224500
58.855712500,5.785732500
58.855629700,5.785486800
58.855467800,5.785006000
58.855311300,5.784543800
58.855311300,5.784543800
58.855089000,5.783890700
58.854952500,5.783476800
58.854889200,5.783271500
58.854776000,5.782856300
58.854727500,5.782642300
58.854618200,5.781956300
58.854592800,5.781713000
58.854550500,5.781208800
58.854550500,5.781208800
58.854530300,5.780951800
58.854530300,5.780951800
58.854457000,5.779881000
58.854397800,5.779070300
58.854397800,5.779070300
58.854304000,5.778273800
58.854221800,5.777746300
58.854174700,5.777486200
58.854070500,5.776971700
58.854070500,5.776971700
58.853898800,5.776225500
58.853781000,5.775745700
58.853781000,5.775745700
58.853607700,5.775040700
58.853495800,5.774575300
58.853441200,5.774345500
58.853388000,5.774120000
58.853241000,5.773482500
58.853199500,5.773288700
58.853132000,5.772932800
58.853088000,5.772614700
58.853079000,5.772471300
58.853098500,5.772206000
58.853128200,5.772084700
58.853229500,5.771890300
58.853292300,5.771815700
58.853424300,5.771693200
58.853484500,5.771645800
58.853581500,5.771565300
58.853642500,5.771496700
58.853657200,5.771477300
58.853667000,5.771461800
58.853667000,5.771461800
58.853669000,5.771459800
58.853670200,5.771460200
58.853670300,5.771459500
58.853671000,5.771456700
58.853671200,5.771455700
58.853671800,5.771454200
58.853679000,5.771445000
58.853690500,5.771427200
58.853732800,5.771354700
58.853795000,5.771249200
58.853827500,5.771198800
58.853907300,5.771099200
58.853950500,5.771057200
58.854036300,5.771001200
58.854114000,5.770946200
58.854147200,5.770899700
58.854198800,5.770764500
58.854221800,5.770679800
58.854286800,5.770479200
58.854326500,5.770371700
58.854409800,5.770155500
58.854454300,5.770044300
58.854538200,5.769813800
58.854609500,5.769575200
58.854641800,5.769454200
58.854704500,5.769194500
58.854766500,5.768895300
58.854798500,5.768725300
58.854828200,5.768550500
58.854873000,5.768181800
58.854906800,5.767806700
58.854921200,5.767625500
58.854945800,5.767282200
58.854957700,5.767129300
58.854957700,5.767129300
58.854997700,5.766674000
58.855001300,5.766593800
58.855000800,5.766532000
58.854998200,5.766493300
58.854998300,5.766490300
58.854999700,5.766488700
58.855000000,5.766488500
58.855002300,5.766489200
58.855002500,5.766484500
58.855001000,5.766468700
58.854995800,5.766436700
58.854959200,5.766242300
58.854948700,5.766161000
58.854939300,5.766070800
58.854915000,5.765837700
58.854881500,5.765579700
58.854834700,5.765292700
58.854802200,5.765129700
58.854723200,5.764783500
58.854634200,5.764424300
58.854496800,5.763875500
58.854413000,5.763537000
58.854344300,5.763235700
58.854318800,5.763105700
58.854276700,5.762885000
58.854276700,5.762885000
58.854227800,5.762683000
58.854220800,5.762656000
58.854220800,5.762656000
58.854220500,5.762658000
58.854220500,5.762657300
58.854220500,5.762657000
58.854220300,5.762656200
58.854216300,5.762635700
58.854207200,5.762605200
58.854172200,5.762504200
58.854127800,5.762371200
58.854105500,5.762292000
58.854047500,5.762083800
58.854016500,5.761964300
58.853986500,5.761840500
58.853921500,5.761557700
58.853883300,5.761395300
58.853767500,5.760879200
58.853729500,5.760708500
58.853653500,5.760369300
58.853615500,5.760203300
58.853577800,5.760036200
58.853504300,5.759700200
58.853433200,5.759382500
58.853403300,5.759240200
58.853367500,5.758987200
58.853344800,5.758802000
58.853324000,5.758690700
58.853319700,5.758672800
58.853319000,5.758669800
58.853318800,5.758669700
58.853319200,5.758669700
58.853319200,5.758669700
58.853319200,5.758669800
58.853319300,5.758670300
58.853319300,5.758670800
58.853314500,5.758655200
58.853288200,5.758584700
58.853247500,5.758465500
58.853229200,5.758393700
58.853190000,5.758202000
58.853171300,5.758081800
58.853142300,5.757826200
58.853129000,5.757679000
58.853110700,5.757347000
58.853104200,5.757005200
58.853105800,5.756836700
58.853133000,5.756526200
58.853161000,5.756395200
58.853255300,5.756178200
58.853319800,5.756079000
58.853471500,5.755888700
58.853549200,5.755788300
58.853700300,5.755591800
58.853771300,5.755508700
58.853895200,5.755378000
58.853947800,5.755330000
58.854033200,5.755235000
58.854087500,5.755150700
58.854097000,5.755131700
58.854098800,5.755125800
58.854098800,5.755125500
58.854099000,5.755126200
58.854099000,5.755127000
58.854098500,5.755127700
58.854098500,5.755128500
58.854100300,5.755122300
58.854121300,5.755056000
58.854140800,5.754998500
58.854192300,5.754868200
58.854277700,5.754704500
58.854326000,5.754614500
58.854432000,5.754398500
58.854432000,5.754398500
58.854580500,5.753990300
58.854657300,5.753697500
58.854688500,5.753546200
58.854737000,5.753224300
58.854768800,5.752880700
58.854795700,5.752523500
58.854810300,5.752340800
58.854844300,5.751967700
58.854882800,5.751600300
58.854901000,5.751419000
58.854935000,5.751063800
58.854935000,5.751063800
58.854972500,5.750591800
58.854977500,5.750451200
58.854976800,5.750200800
58.854974700,5.750084000
58.854964700,5.749869700
58.854929700,5.749707500
58.854929700,5.749707500
58.854929700,5.749707500
58.854929700,5.749707500
58.854657200,5.749647700
58.854548500,5.749666500
58.854508000,5.749675800
58.854467000,5.749681100
58.854464000,5.749681400
58.854483500,5.749687800
58.854497400,5.749701100
58.854503500,5.749706400
58.854510700,5.749712600
58.854501100,5.749721500
58.854393900,5.749760600
58.854351300,5.749775300
58.854307600,5.749787200
58.854194100,5.749814700
58.854059000,5.749860000
58.853989900,5.749883500
58.853832700,5.749928800
58.853739300,5.749960000
58.853548900,5.750020200
58.853357400,5.750035700
58.853256400,5.750014100
58.853047400,5.749920100
58.852947500,5.749853100
58.852739600,5.749719100
58.852637200,5.749652800
58.852445200,5.749531800
58.852274900,5.749406900
58.852128300,5.749230200
58.851996900,5.749031600
58.851924300,5.748937300
58.851765300,5.748777700
58.851687600,5.748697600
58.851520300,5.748504300
58.851356800,5.748267900
58.851279400,5.748147500
58.851122800,5.747916100
58.851050700,5.747807300
58.850920400,5.747608800
58.850833100,5.747403800
58.850809200,5.747292000
58.850811400,5.747051900
58.850829800,5.746945500
58.850880900,5.746720400
58.850914100,5.746595700
58.850980200,5.746349700
58.851057100,5.746097900
58.851095300,5.745963600
58.851167100,5.745693300
58.851200800,5.745553100
58.851278300,5.745280700
58.851310000,5.745146100
58.851364100,5.744848200
58.851402400,5.744545700
58.851418000,5.744381400
58.851443200,5.744062300
58.851469000,5.743748100
58.851482600,5.743596500
58.851501300,5.743294400
58.851508600,5.743145600
58.851523700,5.742848800
58.851536400,5.742546700
58.851542700,5.742401000
58.851564700,5.742121400
58.851578500,5.741973500
58.851597600,5.741706300
58.851604800,5.741574200
58.851626500,5.741343200
58.851654100,5.741160000
58.851653900,5.741068700
58.851639500,5.741005300
58.851622900,5.740964400
58.851588000,5.740904200
58.851533800,5.740854800
58.851445700,5.740776600
58.851350100,5.740704800
58.851291300,5.740657800
58.851188000,5.740588100
58.851130900,5.740536600
58.851020000,5.740448700
58.850911800,5.740361400
58.850806300,5.740283400
58.850762600,5.740226100
58.850703400,5.740172500
58.850585000,5.740066700
58.850451200,5.739948400
58.850391300,5.739904800
58.850283400,5.739804900
58.850221400,5.739708100
58.850212600,5.739660000
58.850240800,5.739505000
58.850260600,5.739456100
58.850300300,5.739301300
58.850319100,5.739223200
58.850360400,5.739078900
58.850400700,5.738992500
58.850406200,5.738963600
58.850409300,5.738955400
58.850408400,5.738947100
58.850408000,5.738942400
58.850408300,5.738940000
58.850409200,5.738937600
58.850410400,5.738931300
58.850408400,5.738922600
58.850407400,5.738920500
58.850404900,5.738917000
58.850403700,5.738915600
58.850403300,5.738915100
58.850402000,5.738913600
58.850401200,5.738912600
58.850400400,5.738911700
58.850400000,5.738911300
58.850399400,5.738910500
58.850399100,5.738910100
58.850400400,5.738907300
58.850424900,5.738861900
58.850439600,5.738851500
58.850462400,5.738761500
58.850485900,5.738652300
58.850494900,5.738605600
58.850502300,5.738568900
58.850518200,5.738516700
58.850530200,5.738474900
58.850539800,5.738454400
58.850579400,5.738380900
58.850619200,5.738259600
58.850637100,5.738190800
58.850674700,5.738011300
58.850701000,5.737923300
58.850756400,5.737753100
58.850756400,5.737753100
58.850813400,5.737573700
58.850875000,5.737419100
58.850900700,5.737353300
58.850938500,5.737258700
58.850956500,5.737214900
58.850975500,5.737160700
58.850989900,5.737108300
58.851034400,5.736989800
58.851088100,5.736889000
58.851114800,5.736837500
58.851163300,5.736734500
58.851184700,5.736685100
58.851216700,5.736591300
58.851227200,5.736546100