latitude,longitude
59.001926200,5.618813000
59.002046700,5.619019500
59.002183700,5.619227700
59.002348000,5.619434300
59.002619800,5.619724200
59.002809700,5.619898000
59.003003200,5.620066700
59.003203000,5.620231500
59.003409800,5.620377500
59.003728800,5.620559500
59.003948800,5.620638500
59.004175500,5.620643200
59.004407500,5.620551200
59.004762500,5.620283700
59.004996000,5.620074300
59.005225500,5.619859200
59.005225500,5.619859200
59.005666700,5.619368200
59.005876700,5.619095800
59.006148200,5.618696700
59.006279800,5.618491000
59.006359800,5.618365000
59.006383000,5.618322700
59.006383300,5.618321300
59.006383800,5.618320800
59.006385000,5.618320200
59.006386500,5.618319000
59.006388700,5.618316200
59.006402000,5.618282800
59.006475500,5.618133200
59.006562000,5.617968000
59.006609700,5.617875500
59.006746800,5.617655200
59.006883000,5.617664200
59.006973300,5.617794200
59.007049200,5.618034700
59.007106800,5.618349000
59.007155800,5.618714200
59.007245200,5.619291300
59.007282000,5.619479300
59.007403000,5.620027300
59.007487500,5.620378500
59.007574000,5.620728500
59.007714500,5.621262000
59.007822500,5.621618000
59.007938000,5.621984500
59.008060700,5.622366700
59.008256800,5.622962500
59.008256800,5.622962500
59.008524300,5.623745200
59.008652500,5.624110700
59.008839800,5.624664000
59.008962700,5.625070200
59.009069300,5.625517300
59.009152000,5.625997500
59.009246800,5.626727800
59.009278000,5.626973500
59.009371300,5.627707300
59.009429500,5.628189000
59.009490200,5.628664300
59.009587200,5.629368300
59.009683200,5.629814700
59.009816300,5.630234000
59.009964800,5.630652200
59.010039700,5.630862700
59.010333200,5.631706200
59.010485300,5.632133800
59.010638000,5.632564300
59.010787300,5.632987500
59.011076500,5.633773200
59.011144000,5.633947700
59.011260300,5.634276800
59.011342700,5.634573700
59.011406800,5.634776200
59.011439700,5.634862200
59.011440000,5.634865800
59.011440500,5.634868700
59.011440800,5.634870700
59.011440800,5.634871500
59.011477200,5.634934800
59.011510000,5.634984500
59.011591500,5.635163500
59.011742800,5.635611800
59.011802800,5.635778800
59.011976700,5.636275700
59.012090800,5.636622300
59.012081500,5.636842000
59.012021300,5.637093300
59.011983300,5.637239500
59.011852200,5.637777200
59.011707800,5.638337500
59.011620200,5.638662200
59.011620200,5.638662200
59.011461300,5.639221200
59.011356500,5.639605300
59.011289200,5.639864800
59.011214800,5.640141000
59.011143700,5.640401700
59.011080300,5.640640700
59.011029300,5.640867000
59.010961800,5.641204800
59.010917500,5.641437200
59.010872700,5.641685300
59.010832200,5.641952000
59.010811200,5.642089500
59.010734300,5.642504300
59.010656700,5.642908300
59.010639300,5.643179300
59.010642800,5.643431800
59.010657000,5.643644300
59.010668300,5.643792300
59.010638300,5.643893700
59.010582300,5.643925200
59.010510200,5.643999800
59.010441700,5.644083000
59.010366000,5.644176200
59.010274300,5.644323700
59.010265700,5.644479200
59.010271800,5.644688000
59.010274800,5.644925000
59.010278300,5.645147800
59.010285000,5.645436500
59.010287200,5.645607000
59.010289800,5.645777300
59.010291300,5.645963500
59.010290700,5.646152200
59.010287500,5.646328300
59.010291800,5.646565500
59.010292300,5.646759800
59.010292200,5.647005200
59.010297700,5.647269500
59.010280500,5.647568700
59.010250700,5.647867000
59.010186700,5.648290000
59.010141300,5.648580500
59.010087000,5.648863500
59.009998300,5.649309200
59.009970700,5.649456000
59.009883200,5.649891800
59.009828700,5.650176200
59.009745000,5.650601000
59.009689700,5.650859000
59.009635800,5.651099800
59.009576700,5.651345300
59.009490800,5.651612500
59.009312200,5.651939800
59.009178000,5.652068800
59.009045500,5.652123500
59.008934000,5.652142700
59.008792500,5.652164300
59.008694800,5.652173700
59.008642700,5.652178300
59.008478500,5.652186700
59.008425000,5.652191800
59.008328200,5.652203500
59.008186000,5.652250200
59.008139500,5.652406200
59.008129500,5.652521500
59.008108300,5.652968700
59.008065700,5.653306300
59.007940000,5.653779300
59.007883700,5.653921200
59.007714800,5.654204200
59.007636300,5.654290800
59.007601700,5.654323700
59.007597000,5.654327800
59.007552000,5.654376200
59.007463200,5.654440700
59.007326000,5.654506500
59.007164000,5.654589200
59.006900800,5.654725200
59.006725300,5.654812800
59.006559000,5.654902200
59.006408300,5.654975500
59.006293200,5.655026000
59.006198500,5.655066200
59.006052300,5.655136000
59.005915200,5.655182200
59.005757300,5.655222500
59.005603500,5.655255800
59.005452700,5.655288500
59.005225800,5.655338200
59.005086000,5.655368300
59.004968700,5.655391800
59.004871200,5.655407700
59.004774200,5.655421300
59.004652700,5.655437200
59.004517300,5.655449500
59.004308800,5.655457200
59.004171200,5.655457800
59.003972700,5.655465500
59.003844200,5.655475000
59.003720700,5.655487700
59.003613500,5.655502500
59.003570800,5.655509300
59.003462200,5.655527800
59.003379700,5.655541000
59.003240500,5.655562500
59.003142000,5.655579300
59.002991200,5.655604800
59.002940300,5.655624000
59.002779000,5.655661700
59.002682300,5.655678200
59.002651800,5.655685700
59.002638300,5.655687300
59.002639500,5.655684200
59.002641200,5.655680200
59.002641500,5.655679200
59.002636700,5.655679500
59.002622300,5.655682200
59.002558500,5.655697500
59.002308800,5.655736300
59.002235500,5.655749200
59.002090300,5.655778800
59.002090300,5.655778800
59.002098401,5.655769317
59.002098401,5.655769317
59.001662025,5.655822631
59.001658000,5.655276200
59.001657200,5.655135700
59.001651200,5.654816000
59.001623800,5.654283500
59.001595300,5.653933300
59.001560200,5.653612800
59.001515200,5.653151500
59.001504700,5.652873500
59.001514700,5.652647800
59.001533700,5.652471700
59.001532300,5.652334000
59.001483800,5.652269500
59.001419500,5.652296300
59.001333300,5.652369700
59.001059800,5.652504200
59.000838800,5.652578000
59.000775200,5.652599700
59.000720700,5.652617200
59.000521300,5.652690000
59.000376000,5.652745200
59.000291500,5.652778200
58.999942200,5.652949000
58.999782800,5.653057700
58.999642500,5.653167300
58.999584200,5.653216300
58.999421500,5.653358500
58.999378500,5.653397200
58.999269300,5.653504800
58.999055500,5.653733800
58.998979500,5.653815200
58.998761500,5.654044700
58.998648000,5.654166500
58.998522200,5.654302300
58.998436200,5.654396800
58.998335500,5.654504800
58.998218800,5.654632800
58.998052800,5.654815700
58.997955500,5.654920300
58.997835500,5.655048200
58.997762500,5.655115000
58.997688300,5.655176500
58.997489300,5.655361200
58.997464700,5.655389300
58.997464700,5.655389800
58.997464500,5.655389500
58.997464000,5.655390200
58.997463300,5.655391200
58.997463200,5.655391300
58.997462700,5.655391700
58.997446500,5.655412800
58.997399200,5.655484000
58.997270200,5.655662000
58.997156200,5.655790200
58.997047200,5.655897700
58.996971000,5.655939500
58.996969800,5.655940300
58.996971200,5.655942000
58.996964300,5.655947000
58.996917800,5.655970000
58.996838500,5.655950700
58.996762200,5.655817500
58.996657800,5.655485700
58.996572700,5.655234000
58.996485500,5.655006200
58.996387200,5.654863000
58.996305700,5.654808800
58.996256000,5.654796700
58.996225800,5.654806300
58.996176500,5.654896300
58.996151800,5.655087700
58.996143200,5.655519800
58.996131200,5.655892800
58.996107800,5.656302500
58.996071000,5.656708200
58.996032500,5.657057300
58.995997800,5.657333000
58.995970300,5.657566700
58.995917200,5.657996700
58.995870700,5.658355200
58.995820500,5.658756200
58.995768500,5.659183200
58.995689300,5.659807200
58.995666500,5.659986200
58.995628300,5.660285800
58.995595800,5.660538800
58.995544700,5.660945300
58.995497500,5.661343200
58.995461500,5.661648000
58.995415200,5.662015800
58.995390200,5.662218300
58.995281700,5.663085500
58.995227000,5.663516500
58.995174800,5.663936700
58.995126800,5.664335800
58.995072000,5.664704800
58.994988700,5.665027800
58.994806500,5.665425000
58.994666300,5.665656700
58.994534300,5.665872300
58.994413700,5.666063000
58.994281500,5.666297000
58.994264200,5.666487000
58.994292200,5.666704000
58.994343300,5.666960200
58.994427200,5.667354300
58.994477000,5.667593300
58.994521700,5.667800500
58.994550700,5.667937700
58.994559500,5.668058800
58.994485500,5.668274700
58.994380800,5.668419500
58.994240300,5.668614300
58.994066700,5.668850800
58.993870500,5.669098800
58.993535500,5.669349000
58.993296800,5.669387700
58.993058300,5.669325800
58.992720700,5.669065300
58.992503800,5.668845700
58.992288800,5.668627300
58.992076300,5.668420000
58.991861200,5.668251700
58.991639500,5.668155300
58.991416200,5.668129700
58.991084200,5.668234500
58.990872700,5.668366500
58.990659300,5.668515500
58.990437000,5.668665300
58.990093700,5.668882700
58.989867000,5.669032300
58.989644500,5.669177300
58.989433300,5.669324300
58.989246700,5.669511300
58.989164200,5.669621000
58.988892200,5.670155800
58.988780700,5.670485000
58.988696000,5.670851700
58.988642200,5.671254000
58.988592800,5.671912200
58.988558700,5.672367700
58.988527200,5.672813800
58.988497700,5.673244500
58.988460200,5.673656700
58.988354300,5.674196200
58.988303000,5.674346500
58.988202000,5.674584800
58.988145500,5.674837800
58.988232500,5.675002000
58.988322800,5.675110300
58.988423700,5.675208500
58.988540700,5.675259200
58.988540700,5.675259200
58.988824300,5.675160500
58.988987300,5.675082800
58.989273700,5.674943700
58.989479800,5.674852800
58.989585500,5.674814200
58.990009300,5.674734800
58.990215700,5.674740300
58.990393300,5.674770700
58.990529200,5.674807200
58.990658200,5.674847300
58.990899300,5.674924000
58.991078700,5.674984800
58.991268000,5.675048500
58.991462800,5.675116000
58.991751000,5.675211700
58.991932700,5.675259000
58.992109200,5.675259300
58.992285200,5.675204500
58.992456300,5.675116700
58.992690200,5.675021800
58.992845800,5.675085500
58.992985500,5.675261800
58.993088000,5.675527300
58.993163000,5.675828500
58.993276500,5.676320300
58.993358500,5.676673300
58.993441700,5.677020500
58.993522200,5.677360000
58.993602300,5.677701800
58.993685000,5.678047000
58.993810000,5.678566700
58.993892800,5.678921200
58.993977700,5.679280700
58.994061200,5.679638200
58.994142800,5.679988700
58.994265200,5.680502000
58.994344300,5.680830500
58.994417000,5.681129800
58.994466200,5.681410000
58.994499700,5.681633000
58.994534500,5.681797200
58.994536500,5.681805300
58.994536800,5.681805000
58.994537200,5.681805000
58.994537700,5.681805300
58.994537800,5.681806200
58.994538500,5.681812000
58.994544800,5.681830000
58.994608500,5.681990700
58.994683700,5.682307700
58.994734500,5.682530200
58.994783800,5.682755200
58.994831000,5.682987500
58.994872700,5.683211000
58.994911800,5.683463800
58.994953700,5.683940300
58.994966300,5.684286700
58.994961200,5.684661300
58.994939300,5.685064000
58.994868300,5.685645200
58.994836700,5.685827000
58.994727300,5.686338300
58.994646300,5.686665500
58.994548200,5.686983300
58.994368200,5.687433500
58.994304500,5.687572200
58.994125200,5.687916700
58.993957300,5.688203200
58.993827200,5.688426200
58.993595700,5.688827000
58.993433300,5.689100200
58.993352200,5.689236200
58.993109300,5.689638200
58.992944000,5.689894300
58.992775000,5.690135800
58.992521200,5.690458300
58.992354700,5.690653800
58.992178700,5.690793000
58.992019700,5.690857500
58.991876000,5.690865700
58.991851000,5.690862700
58.991846200,5.690862700
58.991845700,5.690863000
58.991830200,5.690864000
58.991790500,5.690930700
58.991790500,5.690930700
58.991708300,5.691429800
58.991625000,5.691649500
58.991576800,5.691741500
58.991439700,5.691950300
58.991337200,5.692112300
58.991337200,5.692112300
58.991337200,5.692112300
58.990902700,5.693129700
58.990801400,5.693483700
58.990712200,5.693846700
58.990644800,5.694215800
58.990559500,5.694745200
58.990531400,5.694922600
58.990471400,5.695253800
58.990424000,5.695532900
58.990326000,5.695946500
58.990174400,5.696349100
58.990048400,5.696580600
58.989902000,5.696785300
58.989758800,5.697029100
58.989633800,5.697309400
58.989518300,5.697621800
58.989373200,5.698127200
58.989276100,5.698472600
58.989178900,5.698816700
58.989029600,5.699349500
58.988978200,5.699524000
58.988828900,5.700031300
58.988718700,5.700357200
58.988657500,5.700505300
58.988434700,5.700886900
58.988187000,5.701207200
58.988105700,5.701307000
58.987859000,5.701611900
58.987706500,5.701850900
58.987578300,5.702112000
58.987447500,5.702483800
58.987386100,5.702686400
58.987301500,5.702899300
58.987185300,5.703162600
58.987040700,5.703405700
58.986798200,5.703808700
58.986633500,5.704075100
58.986475700,5.704334300
58.986244600,5.704707300
58.986087000,5.704908500
58.986007900,5.704993500
58.985840900,5.705165300
58.985691400,5.705406600
58.985558300,5.705880500
58.985460200,5.706324700
58.985405300,5.706431900
58.985273500,5.706607000
58.985058700,5.706842300
58.984856100,5.707052600
58.984745900,5.707174300
58.984648500,5.707271200
58.984546700,5.707384700
58.984348800,5.707597900
58.984280000,5.707681500
58.984046200,5.707938800
58.983883100,5.708111800
58.983718400,5.708274800
58.983535900,5.708386300
58.983344200,5.708464600
58.983143800,5.708538600
58.982941100,5.708618600
58.982749900,5.708683600
58.982562600,5.708721100
58.982291400,5.708779900
58.982059700,5.708903000
58.981934500,5.709084400
58.981835500,5.709329600
58.981736100,5.709597600
58.981621100,5.709878100
58.981445800,5.710308600
58.981348900,5.710576200
58.981272700,5.710833100
58.981207900,5.711070800
58.981137400,5.711322700
58.981053500,5.711613900
58.980969300,5.711917600
58.980879800,5.712222600
58.980792900,5.712515000
58.980669100,5.712959200
58.980546800,5.713396900
58.980469500,5.713661400
58.980372000,5.713880100
58.980270600,5.714057000
58.980162600,5.714251200
58.979988600,5.714538700
58.979886300,5.714714600
58.979807000,5.714863500
58.979764000,5.714954000
58.979754900,5.714962500
58.979759400,5.714939800
58.979763600,5.714926100
58.979767200,5.714921800
58.979772200,5.714915000
58.979775900,5.714912900
58.979776100,5.714912500
58.979701400,5.715078200
58.979614900,5.715236900
58.979497000,5.715415300
58.979360500,5.715571100
58.979246200,5.715710900
58.979036800,5.715852700
58.978854700,5.715908800
58.978664600,5.715943200
58.978471900,5.715963800
58.978197000,5.716014600
58.978118000,5.716017800
58.977942200,5.716054900
58.977789600,5.716058900
58.977607700,5.716087300
58.977460800,5.716211000
58.977387900,5.716320600
58.977293300,5.716462900
58.977180600,5.716634800
58.977056300,5.716814200
58.976880000,5.717064300
58.976775900,5.717208200
58.976660200,5.717390300
58.976530800,5.717575000
58.976375300,5.717782200
58.976128100,5.718116900
58.975878500,5.718468100
58.975803900,5.718583500
58.975671300,5.718798700
58.975620700,5.718876200
58.975497500,5.719061000
58.975412100,5.719196600
58.975282600,5.719382100
58.975171900,5.719535600
58.975073300,5.719654100
58.974973300,5.719808600
58.974905900,5.719871900
58.974866800,5.719910500
58.974715500,5.719984900
58.974653800,5.720049300
58.974650500,5.720040900
58.974676000,5.720058700
58.974685900,5.720090300
58.974692200,5.720110800
58.974703100,5.720129600
58.974705300,5.720130200
58.974706500,5.720130000
58.974707000,5.720129900
58.974662400,5.720148600
58.974541800,5.720285800
58.974421200,5.720355700
58.974321100,5.720506600
58.974223800,5.720641800
58.974107300,5.720788300
58.973960100,5.721055000
58.973927000,5.721154400
58.973886100,5.721338500
58.973881000,5.721359400
58.973875200,5.721394600
58.973848600,5.721470500
58.973781700,5.721577300
58.973675800,5.721660300
58.973540700,5.721729400
58.973339200,5.721868300
58.973189200,5.721947700
58.972969900,5.722089600
58.972902100,5.722152100
58.972657000,5.722315300
58.972487300,5.722422900
58.972343400,5.722493300
58.972233800,5.722526400
58.972151600,5.722502000
58.972037200,5.722390800
58.971952300,5.722389800
58.971883900,5.722530000
58.971839200,5.722719500
58.971810700,5.722818900
58.971765400,5.723001400
58.971730600,5.723148100
58.971732000,5.723149900
58.971737100,5.723150700
58.971739300,5.723147800
58.971738000,5.723149600
58.971737000,5.723149000
58.971736900,5.723149300
58.971731600,5.723181100
58.971712100,5.723293000
58.971632600,5.723495300
58.971578800,5.723601800
58.971519100,5.723714300
58.971415900,5.723832200
58.971361300,5.723901000
58.971202700,5.724094100
58.971091900,5.724230700
58.970986900,5.724370500
58.970879600,5.724513300
58.970720400,5.724710500
58.970551500,5.724922400
58.970429200,5.725066500
58.970315500,5.725209200
58.970207500,5.725340400
58.970102800,5.725470900
58.970000800,5.725609500
58.969830500,5.725797900
58.969724100,5.725962000
58.969597200,5.726089800
58.969478400,5.726247600
58.969357000,5.726399600
58.969237000,5.726540700
58.969122200,5.726702400
58.969006400,5.726855300
58.968837500,5.727084200
58.968635500,5.727217700
58.968562300,5.727266400
58.968361700,5.727387300
58.968234700,5.727466400
58.968129200,5.727548800
58.968018700,5.727645500
58.967852800,5.727821200
58.967749400,5.727889300
58.967667800,5.727926200
58.967651300,5.728012500
58.967681500,5.728146400
58.967742500,5.728477100
58.967772300,5.728596100
58.967825700,5.729010700
58.967928900,5.729258100
58.968099700,5.729632500
58.968238900,5.729845100
58.968373800,5.730001100
58.968604000,5.730007100
58.968739300,5.729980900
58.968858200,5.729987700
58.968972900,5.730090100
58.969024900,5.730241300
58.969070300,5.730414300
58.969126600,5.730572500
58.969149400,5.730707500
58.969110600,5.730838500
58.969067400,5.730876900
58.968933000,5.730887800
58.968822400,5.730873000
58.968714700,5.730878200
58.968624000,5.730893400
58.968544900,5.730902500
58.968538600,5.730911500
58.968531900,5.730940200
58.968528300,5.730952400
58.968527800,5.730968100
58.968518200,5.730974700
58.968517500,5.730973800
58.968490000,5.730976100
58.968410500,5.730995900
58.968301700,5.731029900
58.968168600,5.731077400
58.968037100,5.731097100
58.967905400,5.731114800
58.967783600,5.731131000
58.967691400,5.731128600
58.967617300,5.731119600
58.967557500,5.731151900
58.967482600,5.731384800
58.967425500,5.731512000
58.967340000,5.731652900
58.967249000,5.731798400
58.967169700,5.731958200
58.967128900,5.732048100
58.966993900,5.732387000
58.966959200,5.732557600
58.966933700,5.732718000
58.966913200,5.732861100
58.966904000,5.732975700
58.966895600,5.733062200
